Chr	Start	End
1	337	619
1	939	1335
1	2398	2684
1	6314	6561
1	9188	9594
1	11116	11245
1	12444	12901
1	20574	21014
1	24185	24239
1	26911	27503
1	28152	28936
1	29798	30099
1	31634	31723
1	32925	33317
1	34474	35126
1	36376	36574
1	37234	37478
1	38768	39244
1	42483	42706
1	45094	45726
1	48296	48793
1	52602	52840
1	53221	53701
1	54834	54896
1	57216	57831
1	58119	58708
1	60868	61741
1	62627	62789
1	67607	69048
1	69314	70626
1	70792	71809
1	72751	72915
1	73154	73304
1	73647	73830
1	74879	75108
1	75859	76738
1	79505	79662
1	81881	82752
1	83407	83657
1	84462	84658
1	87029	87351
1	92150	93255
1	94467	94607
1	99802	99990
1	100313	100432
1	101185	101416
1	105887	106179
1	108301	109708
1	110421	110634
1	113007	115181
1	119633	119885
1	124443	124814
1	127852	128221
1	128685	129662
1	129841	129997
1	130183	131117
1	131994	132251
1	134760	134905
1	135729	135783
1	136453	136892
1	138408	138672
1	139042	139786
1	141493	142344
1	143369	143650
1	152077	152159
1	154751	154918
1	158642	158882
1	160498	160621
1	165121	165358
1	166106	166352
1	168735	169385
1	170756	170948
1	171755	171974
1	174975	175503
1	176249	176363
1	179699	180606
1	180978	181440
1	182449	182662
1	182935	183092
1	184583	184874
1	187936	187995
1	188478	192939
1	198205	198775
1	202618	202886
1	204241	204436
1	210959	211639
1	217388	217552
1	219876	220393
1	220660	220819
1	223101	223242
2	891	1208
2	3614	3971
2	4223	4328
2	8245	8400
2	10507	10748
2	17977	18093
2	21365	21485
2	23789	23998
2	28378	29054
2	36436	36712
2	38919	39129
2	40635	40715
2	43088	43438
2	45020	45547
2	45800	45960
2	46689	46862
2	47208	47325
2	48623	48823
2	49375	49636
2	59793	59903
2	60808	61051
2	62596	63099
2	69491	69880
2	70878	71892
2	74543	75485
2	75646	75736
2	80776	80988
2	84286	84656
2	87808	88260
2	89523	89972
2	90452	90654
2	92178	92360
2	96135	96383
2	100151	100305
2	101186	101875
2	107470	107929
2	110574	110655
2	111289	111395
2	113463	113648
2	116804	117430
2	117982	118112
2	121607	121717
2	122122	122351
2	124789	125090
2	126086	126673
2	131895	132458
2	134630	134821
2	135696	136575
2	137184	137394
2	137674	138078
2	139895	141216
2	142882	143240
2	145788	146124
2	146888	147179
2	151065	151488
2	152103	152232
2	152995	153197
2	153711	153940
2	158465	158666
2	159651	160501
2	161493	161653
2	164106	164413
2	165037	165908
2	166880	167001
2	167929	168318
2	170117	170581
2	171184	171458
2	172296	172495
2	176276	176697
2	177638	177817
2	181349	181619
2	182064	182344
2	186584	186669
2	191738	192332
2	192923	194301
2	195911	196337
2	201869	202015
2	202242	202540
2	202861	203370
2	206973	207166
2	209038	209146
2	209430	209554
2	216405	216847
2	217090	217583
2	221858	222059
2	227317	227512
2	235997	236325
2	241259	241630
2	242582	242780
2	246681	246886
2	250886	251819
2	252673	252829
2	254533	254592
2	255007	255097
2	255761	256305
2	256847	256975
2	257894	258318
2	260376	260507
2	269644	270215
2	273829	273988
2	275554	276145
2	276539	276760
2	278480	278777
2	281064	281186
2	287816	289325
2	291894	292520
2	294127	294185
2	296110	296263
2	297800	298218
2	301181	302174
2	305999	306245
2	307029	307579
2	308046	308297
2	311463	311702
2	315351	315510
2	318018	318181
2	321656	321809
2	323863	324479
2	326142	326335
2	326707	326953
2	330296	330395
2	331531	331790
2	332471	332751
2	336904	337184
2	338279	338829
2	339406	339548
2	340822	340980
2	341252	342620
2	344132	344351
2	347300	347839
2	350583	351325
2	356576	356843
2	360145	360652
2	362633	362841
2	369793	369958
2	370948	371794
2	372339	372407
2	373025	373435
2	375857	376315
2	378066	378144
2	378584	379177
2	379786	380461
2	381118	381497
2	382934	383091
2	389842	390064
2	391519	391842
2	392326	393600
2	398362	398510
2	400916	401153
2	405868	406397
2	407178	407711
2	408545	408956
2	409243	409403
2	410728	411004
2	415462	415614
2	418128	418452
2	419198	420124
2	423325	423693
2	426579	427087
2	429257	429520
2	430988	432201
2	435657	436030
2	436758	436894
2	441342	441477
2	444718	444961
2	447376	447603
2	449052	449821
2	451618	452910
2	453368	453617
2	454530	454970
2	458392	458833
2	461849	462168
2	462447	462536
2	465667	467119
2	469616	469770
2	470933	471263
2	472005	472560
2	473598	474638
2	475977	476200
2	476497	477833
2	479174	479271
2	481023	481206
2	483427	483861
2	484561	484723
2	486754	486912
2	488374	488840
2	489920	491453
2	492649	493510
2	494158	494310
2	495137	495203
2	495420	495516
2	496817	497305
2	501131	502631
2	504191	505739
2	512784	512933
2	513309	513406
2	515174	515907
2	526690	527315
2	528014	528279
2	532179	532534
2	533186	533842
2	534967	535200
2	536235	536442
2	537499	537773
2	539713	539966
2	544526	544892
2	546198	546275
2	547212	547372
2	549116	549715
2	553254	553429
2	553658	553748
2	554613	556184
2	558483	558575
2	561061	561581
2	563618	563736
2	564801	565646
2	568486	568766
2	576114	576284
2	578130	578281
2	581439	581695
2	582075	582605
2	583462	583599
2	585964	586679
2	589223	589414
2	592933	593044
2	595605	595990
2	597139	597331
2	600033	600526
2	602347	602409
2	604283	604388
2	605999	606093
2	611945	612097
2	614118	614392
2	615193	615269
2	615950	616030
2	618528	618878
2	620554	620852
2	623246	623411
2	624726	625692
2	628169	629164
2	633217	633794
2	634500	635396
2	641871	643301
2	645010	645539
2	647198	647500
2	650060	650327
2	650716	651744
2	652775	652899
2	653124	653318
2	657604	657812
2	661458	663122
2	664706	665089
2	666246	666711
2	668218	668891
2	670274	670516
2	675180	675310
2	679046	681061
2	681388	681512
2	681899	683370
2	684803	684963
2	686608	686868
2	691701	691910
2	697032	698479
2	698732	698810
2	700081	700326
2	701526	704657
2	704861	705116
2	706761	707511
2	707684	707747
2	711315	711599
2	714526	714707
2	716512	716806
2	717769	719239
2	721160	721321
2	722419	722767
2	722992	723304
2	727125	727265
2	728149	728380
2	728628	728813
2	730171	730308
2	734589	735003
2	735488	736424
2	738125	738609
2	739655	739839
2	741078	741837
2	742488	742781
2	744413	744878
2	745661	745963
2	747815	747944
2	749375	749544
2	757268	757378
2	760152	760328
2	760911	761201
2	764748	764872
2	767650	767874
2	770628	770859
2	771115	771176
2	773607	773749
2	774546	774626
2	776319	776494
2	784682	784886
2	786440	786608
2	786856	787022
2	788741	788912
2	792540	792733
2	798771	799202
2	800235	800458
2	804842	805186
3	8702	9129
3	13044	13190
3	13577	13758
3	24357	24716
3	38875	39640
3	40542	41294
3	41906	42049
3	48473	48604
3	50055	50127
3	50334	52316
3	52411	52565
3	56610	56830
3	58788	58984
3	61227	61639
3	63271	63372
3	65032	68919
3	71387	71869
3	72979	73136
3	76881	77478
3	78561	79048
3	80797	81700
3	87118	87157
3	88399	88605
3	93779	97590
3	98584	98741
3	100270	100418
3	108594	108807
3	109833	110029
3	111111	111255
3	112063	112177
3	126835	127089
3	137574	137898
3	141581	141758
3	156084	156167
3	159366	159509
3	161798	162019
3	167439	168233
3	168560	168675
3	172647	172786
3	173764	173829
3	176593	177123
3	177714	177938
3	179744	179909
3	180789	180945
3	181167	181314
3	182557	182708
3	183091	183260
3	188873	188984
3	190275	190646
3	194555	194805
3	197293	197539
3	201030	201972
3	203591	203881
3	204457	204611
3	204981	205221
3	206771	206989
3	208790	208917
3	209606	210096
3	210818	211134
3	211928	212698
3	213485	219727
3	220565	221104
3	224365	224620
3	226805	226915
3	227249	231350
3	232177	233844
3	235534	235727
3	240444	241416
3	242904	243226
3	244811	245054
3	246598	246857
3	250433	252164
3	252812	253428
3	253815	253878
3	254245	254462
3	256361	257769
3	258066	258144
3	258477	258611
3	262900	263132
3	263601	263845
3	266721	267573
3	268766	269282
3	270521	270594
3	271183	271420
3	277153	277329
3	278350	278582
3	284160	284351
3	293585	293768
3	297934	298122
3	298535	298698
3	303156	303781
3	307011	307457
3	307981	308368
3	308845	308929
3	309484	309713
3	309977	310158
3	310496	311283
3	311655	311815
3	312678	312936
3	314217	315179
4	1654	1734
4	5474	5832
4	9061	9136
4	10140	10428
4	15748	15892
4	19160	19441
4	19931	20495
4	22444	22625
4	28834	28941
4	30500	30673
4	32019	32270
4	34063	34314
4	35228	35446
4	36608	36787
4	42350	42554
4	43844	43965
4	46027	46790
4	47075	47304
4	47834	48046
4	49296	49879
4	52162	52413
4	56744	56876
4	60269	60313
4	60548	61759
4	62036	63806
4	65947	66097
4	68750	68945
4	70349	70495
4	74100	74376
4	76211	76424
4	76664	77287
4	77977	78371
4	80518	80666
4	82517	82585
4	83744	84057
4	87258	87508
4	88035	88257
4	89854	90054
4	93870	94496
4	98142	98418
4	99365	99435
4	103368	103612
4	104402	104932
4	106168	107311
4	111176	111412
4	114336	114618
4	115982	116196
4	117416	117564
4	121786	122005
4	125162	125574
4	126464	126617
4	131949	132372
4	132421	133418
4	134544	135749
4	137854	138054
4	139270	139497
4	141724	141972
4	143177	143333
4	145483	145749
4	147630	148184
4	148491	149001
4	155629	156538
4	158650	159714
4	161687	161846
4	163187	164300
4	167167	167812
4	169631	169784
4	172050	172725
4	174580	174826
4	175423	175771
4	176240	176817
4	178117	178298
4	183085	183263
4	184691	184925
4	190665	190891
4	192395	192495
4	196250	196293
4	198194	198821
4	198984	199060
4	199423	200342
4	202404	202920
4	203308	203414
4	211121	211310
4	212104	212287
4	212525	213337
4	215757	216046
4	217326	217442
4	219379	219569
4	221289	221403
4	221405	221444
4	221910	222236
4	223812	224002
4	226902	227479
4	228959	229126
4	230639	231147
4	232089	232563
4	234078	234765
4	235588	235751
4	238728	238943
4	239538	240182
4	241225	241382
4	242032	242313
4	245617	245847
4	248012	248148
4	251317	251546
4	253843	254145
4	255138	255584
4	258440	258871
4	264080	264451
4	264925	265277
4	266812	267768
4	268857	269058
4	271909	272614
4	273570	274087
4	276594	276777
4	281755	282128
4	283183	283377
4	285173	285348
4	286626	287224
4	289621	289836
4	292565	292687
4	294836	295016
4	296321	296668
4	298081	298179
4	300219	300304
4	300985	301381
4	301939	303457
4	304831	305108
4	307885	308331
4	310197	310455
4	312218	313109
4	313898	315505
4	316408	316807
4	320245	320444
4	321660	322131
4	323691	323906
4	326230	326387
4	330565	331016
4	334255	334811
4	337304	337449
4	340307	340435
4	341273	341459
4	345012	345591
4	351208	351431
4	352614	352751
4	356798	357526
4	361389	361547
4	362433	362603
4	363633	363857
4	366021	366943
4	368425	369507
4	373789	373910
4	375356	375472
4	378348	378674
4	381512	381706
4	385685	387599
4	407458	407800
4	411204	411657
4	413229	413784
4	416928	417194
4	421746	421963
4	423599	423733
4	423979	424108
4	432069	432248
4	442424	442558
4	444251	444352
4	447714	447824
4	452724	452955
4	461413	461606
4	463075	463258
4	465219	465845
4	471553	471756
4	477615	477777
4	482001	482099
4	482338	482605
4	485410	485689
4	486534	486649
4	489238	489341
4	501357	501761
4	504862	505077
4	506166	506401
4	506844	507010
4	507335	507652
4	512151	512530
4	518972	519125
4	519773	519828
4	521455	521564
4	538805	539666
4	543675	543988
4	545953	546577
4	548536	548644
4	550525	552009
4	553055	553153
4	556614	556975
4	558161	558272
4	560772	560998
4	562510	563233
4	565691	565862
4	568824	569078
4	569875	570077
4	570323	570513
4	573859	574054
4	575901	576126
4	579195	579356
4	587753	587983
4	588618	588693
4	589359	589733
4	591448	592436
4	592983	593981
4	598253	598390
4	599624	600928
4	602900	603037
4	610137	610398
4	611887	611987
4	613076	613219
4	614076	614204
4	616161	616711
4	617181	617700
4	619883	620179
4	621298	622167
4	623097	623527
4	624900	624979
4	626050	626371
4	628391	630122
4	630459	631433
4	635905	637102
4	643917	644169
4	644981	645295
4	650389	650619
4	651288	651544
4	652302	652667
4	653229	653331
4	654716	655012
4	655250	655402
4	657492	657820
4	658067	658274
4	664938	665177
4	666821	666991
4	667465	668068
4	668452	668556
4	668859	668943
4	671022	671248
4	674219	675084
4	675525	676155
4	679328	679523
4	679757	680542
4	681687	682159
4	685719	685826
4	687865	688133
4	690269	691157
4	693260	693455
4	694191	694425
4	698965	700409
4	702649	703251
4	703714	704736
4	709087	709786
4	711416	711467
4	715270	715715
4	716600	716901
4	718540	718655
4	720116	720724
4	721229	723146
4	727587	728244
4	730292	730628
4	731477	731674
4	733963	734066
4	740021	740182
4	741741	742151
4	743987	744267
4	746201	746781
4	750896	751828
4	754979	755732
4	765000	765937
4	766774	766917
4	767843	770673
4	771607	771812
4	775820	775991
4	778836	778951
4	781202	781399
4	784197	785108
4	785822	785901
4	787338	787590
4	789254	789451
4	790028	790434
4	792069	792131
4	793701	794934
4	795299	795594
4	802450	802820
4	803712	803928
4	805832	806881
4	807806	808383
4	811399	812404
4	814014	814768
4	816574	816824
4	817446	818079
4	819193	819362
4	820862	821348
4	826326	826567
4	827340	827652
4	829412	829517
4	831298	832798
4	834661	837161
4	838124	838458
4	841864	842545
4	844842	845429
4	847735	848703
4	849547	849690
4	850980	851219
4	854005	854162
4	855886	856526
4	857925	858207
4	859123	859373
4	861306	861890
4	866463	867004
4	867550	868115
4	870680	871065
4	878264	878347
4	880041	880308
4	883162	883420
4	884134	884650
4	887009	887120
4	889001	889558
4	892443	892718
4	893516	895023
4	903560	903665
4	904160	904215
4	905089	905250
4	907084	907277
4	909292	910043
4	911386	911683
4	914875	915281
4	916079	916539
4	917265	917391
4	923815	924190
4	924469	924701
4	925684	927729
4	930138	931338
4	933313	933473
4	935896	936484
4	940843	941066
4	943438	943650
4	945220	945320
4	945827	945964
4	946247	946702
4	950221	950529
4	952469	952711
4	954078	956217
4	958460	958584
4	959564	960678
4	964800	965044
4	967875	968016
4	969756	970049
4	974366	974537
4	976033	976918
4	977297	977370
4	979285	979505
4	991604	991838
4	992672	993366
4	995690	995749
4	998269	998891
4	1002039	1002599
4	1003536	1003976
4	1004984	1005911
4	1008820	1008920
4	1009912	1010127
4	1011197	1012359
4	1013620	1014424
4	1015886	1016428
4	1019168	1019226
4	1020411	1020585
4	1021737	1023084
4	1030276	1030478
4	1031714	1032363
4	1035591	1035946
4	1036972	1037181
4	1039544	1039820
4	1045056	1045515
4	1049456	1050619
4	1052297	1052453
4	1054377	1056939
4	1058961	1059744
4	1062831	1063337
4	1067471	1067727
4	1071257	1071819
4	1072599	1072705
4	1073509	1073573
4	1075192	1075436
4	1075657	1075715
4	1078590	1078630
4	1079877	1081315
4	1084567	1085052
4	1087055	1087415
4	1089981	1090411
4	1092516	1092750
4	1093472	1093800
4	1095352	1095503
4	1096572	1096792
4	1101946	1102108
4	1103556	1103741
4	1105868	1106118
4	1107886	1108806
4	1110237	1110573
4	1112282	1112547
4	1114135	1114230
4	1116705	1117127
4	1125112	1125350
4	1125860	1126266
4	1127575	1127831
4	1129375	1129592
4	1135467	1135739
4	1140534	1141060
4	1144944	1145250
4	1146041	1146293
4	1149313	1150090
4	1150483	1151018
4	1153560	1153920
4	1161407	1162946
4	1163409	1163616
4	1166427	1166660
4	1168731	1169270
4	1172081	1172276
4	1174286	1174487
4	1174855	1175016
4	1181458	1181560
4	1183024	1183202
4	1183676	1183805
4	1184462	1184590
4	1189810	1189929
4	1194956	1195336
4	1198843	1198954
4	1201879	1201943
4	1206479	1206632
4	1207514	1207719
4	1212649	1212787
4	1213631	1214179
4	1214987	1215073
4	1219108	1219318
4	1222509	1222688
4	1226583	1226676
4	1228385	1228502
4	1229628	1229762
4	1233594	1234117
4	1236238	1236465
4	1241530	1241796
4	1242066	1243280
4	1249942	1250162
4	1251600	1252302
4	1256873	1257137
4	1258066	1258671
4	1261374	1261596
4	1262990	1263218
4	1266600	1266742
4	1266923	1267405
4	1269375	1270129
4	1270777	1271041
4	1273994	1274162
4	1277417	1277601
4	1278047	1280113
4	1288035	1288236
4	1288908	1289529
4	1292433	1292490
4	1293149	1293353
4	1294282	1294761
4	1295408	1296003
4	1296864	1297031
4	1298217	1298351
4	1301011	1301560
4	1303044	1303121
4	1304049	1304187
4	1305594	1305989
4	1311799	1311977
4	1312624	1312710
4	1317882	1318075
4	1319207	1319490
4	1319839	1319996
4	1321990	1322184
4	1325361	1325504
4	1328493	1328800
4	1330943	1331105
4	1333648	1334929
4	1337101	1337322
4	1337805	1338252
4	1339255	1339607
4	1341945	1342562
4	1344238	1344287
4	1344990	1345754
4	1349627	1349755
4	1349995	1350233
4	1353579	1353655
4	1355637	1355985
4	1359023	1359175
4	1359602	1359822
4	1362214	1362934
4	1364563	1364712
4	1365410	1365625
4	1365827	1365977
4	1366354	1366483
4	1366830	1367460
4	1369456	1369684
4	1382107	1382208
4	1383277	1383745
4	1384900	1385066
4	1385714	1386066
4	1386577	1386783
4	1387511	1387604
4	1388630	1388741
4	1394611	1395050
4	1398847	1398937
4	1401413	1401652
4	1402772	1403144
4	1405925	1406021
4	1409286	1409397
4	1410009	1412247
4	1416755	1417400
4	1419861	1421403
4	1422547	1422747
4	1429544	1429590
4	1433418	1433898
4	1434311	1434844
4	1436701	1436899
4	1443499	1443630
4	1445571	1445829
4	1447024	1447801
4	1454506	1454908
4	1459344	1459752
4	1466012	1466164
4	1468324	1469335
4	1470783	1471011
4	1476427	1477513
4	1478421	1478568
4	1487352	1487542
4	1489093	1489280
4	1489959	1490501
4	1497977	1498114
4	1507387	1507671
4	1517830	1518219
4	1526769	1527213
4	1527377	1527575
4	1528203	1528316
5	300	614
5	1483	1519
5	2655	3081
5	3803	4245
5	4614	5274
5	5669	5985
5	6187	6257
5	16033	16256
5	21304	21398
5	26525	26689
5	26993	27730
5	33680	33868
5	41878	43178
5	45904	46626
5	51658	51869
5	53354	53579
5	56147	56600
5	58123	58341
5	59322	59484
5	60911	61074
5	63225	63340
5	65240	65299
5	66815	67038
5	68284	70431
5	73380	73617
5	75691	75784
5	77526	78009
5	79955	80527
5	82804	82962
5	84753	85530
5	86361	87059
5	90011	90205
5	97884	98121
5	100132	100681
5	101593	101761
5	106233	106305
5	106770	107285
5	110618	110767
5	111134	111268
5	115898	116117
5	116968	117190
5	117391	118156
5	120434	120512
5	122431	122591
5	122930	123650
5	123898	124441
5	128382	128495
5	131416	131697
5	132661	133103
5	140578	140631
5	141152	141664
5	152754	153347
5	153538	153605
5	159059	159677
5	159954	160520
5	162442	162662
5	171876	172048
5	174338	175299
5	177056	177187
5	177612	177764
5	178562	178774
5	182332	182610
5	184242	184582
5	187884	188464
5	191882	192384
5	192651	192828
5	194017	194202
5	194377	195527
5	196039	196144
5	196686	196949
5	198605	198803
5	200888	201061
5	201753	202383
5	204665	205270
5	208518	208808
5	210299	210528
5	211495	211832
5	212039	212345
5	213186	213506
5	214741	215010
5	221527	221839
5	222181	222625
5	223060	223298
5	225215	226020
5	227124	227228
5	228247	228400
5	229370	229980
5	234657	234837
5	236828	237556
5	238079	238563
5	239819	239913
5	241702	243146
5	246670	246895
5	248208	248457
5	249846	249907
5	250241	250629
5	251379	251690
5	254418	254636
5	258113	258388
5	260109	260464
5	261366	261862
5	264057	264867
5	265954	266287
5	268285	268784
5	271556	271754
5	272269	272431
5	280171	280221
5	280843	281533
5	283598	283660
5	284469	285075
5	287124	287393
5	291510	291853
5	292460	293095
5	294940	295391
5	298405	298691
5	303385	303870
5	311122	312059
5	313685	314106
5	316577	316767
5	318150	319117
5	319732	319966
5	321923	322588
5	326008	326207
5	327029	327284
5	328135	328443
5	332900	333075
5	334441	336383
5	337626	337901
5	339507	339575
5	342325	342828
5	349410	350127
5	351340	351526
5	354891	355258
5	359074	359546
5	362230	362641
5	364088	364517
5	367065	367150
5	372052	372276
5	373024	373136
5	374760	374942
5	377365	378656
5	382355	382487
5	386853	387137
5	390210	390284
5	394025	394252
5	396428	396646
5	399218	399457
5	400669	401251
5	402148	402426
5	404381	404644
5	406406	406924
5	409181	409885
5	414132	414707
5	414758	414855
5	415669	415846
5	416493	416899
5	418686	418853
5	422561	422827
5	423156	423423
5	424441	424585
5	430735	431577
5	432219	432454
5	432847	433118
5	435626	435758
5	438951	439583
5	441906	442682
5	443623	443781
5	448307	448507
5	449246	449320
5	451331	451588
5	453101	453484
5	456040	456288
5	460246	460464
5	460911	462574
5	462785	463715
5	464932	465096
5	467477	468360
5	472517	472817
5	473650	475289
5	482807	483339
5	484212	484781
5	487290	487444
5	490717	491779
5	492074	492173
5	497399	497581
5	503860	504035
5	509961	510138
5	512295	512449
5	517579	517810
5	522700	523149
5	525723	525939
5	526793	526914
5	541434	541586
5	545202	545514
5	546569	546728
5	548198	548313
5	559116	559320
5	560448	560622
5	570292	571043
5	571570	572008
5	573010	573447
6	1020	1232
6	1493	1755
6	2319	2485
6	2676	2761
6	3795	4585
6	16539	16695
6	19610	19854
6	27402	28321
6	30379	31580
6	32026	32773
6	36053	36820
6	38550	38671
6	40210	40426
6	42653	42770
6	44432	44709
6	47718	47929
6	48441	48558
6	48922	49210
6	51160	51265
6	54444	55308
6	56029	56295
6	57918	58486
6	64106	64162
6	65032	65288
6	74152	75253
6	75553	75734
6	76104	77374
6	77742	77946
6	80212	80420
6	81917	82380
6	87319	87519
6	90413	90882
6	93779	93949
6	94788	96748
6	98066	98178
6	98796	99106
6	103225	103685
6	106080	107215
6	107822	108023
6	109989	110190
6	111826	112136
6	113867	114796
6	115545	116262
6	118693	119416
6	123217	123316
6	129937	130197
6	131143	131994
6	136959	137648
6	138431	138614
6	144220	144335
6	147017	147116
6	149812	149917
6	153203	153358
6	155879	156348
6	157803	158154
6	159096	159478
6	160138	160509
6	160888	160993
6	162085	162616
6	164803	164997
6	167256	167739
6	169262	169870
6	173373	174183
6	176313	177184
6	181926	182764
6	182974	183337
6	183665	184503
6	191332	192987
6	194101	195011
6	196236	196851
6	198992	199973
6	203121	205157
6	205679	206599
6	207071	207512
6	207752	207934
6	209774	211323
6	212960	213519
6	220147	220353
6	221506	222015
6	223850	224194
6	224631	227609
6	228908	229670
6	233382	234221
6	237420	237594
6	238242	238418
6	239742	239945
6	241436	241984
6	244040	244297
6	245145	245437
6	245828	246132
6	248104	248357
6	249964	250025
6	251839	252459
6	255170	256367
6	261080	261297
6	261585	261751
6	262810	264239
6	268410	268611
6	269922	270061
7	10296	10459
7	20512	20742
7	22156	22468
7	23303	23934
7	31629	31864
7	35311	35498
7	38825	39015
7	41221	41442
7	43226	43350
7	45236	45430
7	48424	48595
7	49405	49486
7	53615	53823
7	54167	54562
7	55914	56407
7	57079	57296
7	58931	59075
7	61909	62002
7	67196	67468
7	73849	73937
7	74473	74738
7	75649	77039
7	79034	79189
7	80371	80670
7	81204	81468
7	82257	82485
7	84270	84649
7	87279	87510
7	91284	91452
7	92356	92514
7	93570	93776
7	94629	95693
7	96926	97353
7	98650	98894
7	107600	107985
7	112105	112319
7	114728	114980
7	115314	116053
7	120928	121236
7	121822	122608
7	122921	123919
7	124223	124785
7	129526	129789
7	131283	131469
7	140119	140165
7	141737	142225
7	144249	144772
7	147732	148093
7	149144	149251
7	152904	153067
7	156289	156503
7	157408	157718
7	159205	159645
7	165054	166979
7	167452	167878
7	173101	173738
7	174264	174564
7	180435	180697
7	182189	182277
7	185768	185971
7	190191	190378
7	190818	191266
7	191787	191975
7	193362	193464
7	196093	198487
7	200086	200550
7	202526	202629
7	205428	207234
7	208718	208911
7	210075	210386
7	213822	213945
7	216051	216252
7	217270	217506
7	225208	226712
7	228524	228635
7	229752	230179
7	234509	234737
7	235854	236133
7	238131	238357
7	244959	245618
7	249313	250103
7	253885	254574
7	255291	255815
7	257189	257605
7	265883	266107
7	269012	269369
7	270757	273302
7	277028	277490
7	280560	280776
7	281296	281471
7	284014	284365
7	287098	287561
7	288148	288541
7	289360	289627
7	291692	291900
7	293012	293452
7	295684	295890
7	299712	300123
7	303452	303814
7	304100	304290
7	306140	306568
7	307156	307435
7	310224	310839
7	312042	312126
7	313052	313139
7	317167	317217
7	319858	319951
7	320874	321158
7	321485	321705
7	323911	324214
7	324642	325210
7	325764	325972
7	326380	326734
7	328573	328737
7	330579	330973
7	334565	334994
7	337617	337790
7	343086	343316
7	345596	346002
7	346891	347325
7	352289	353206
7	355511	356022
7	357042	357426
7	357657	357809
7	358324	358648
7	359282	359381
7	364109	364248
7	366084	366343
7	368134	368757
7	370998	371786
7	374867	375085
7	375892	376003
7	377236	377416
7	381314	381716
7	381890	382102
7	382897	385691
7	389797	389916
7	391996	392195
7	393636	394069
7	395754	395962
7	397288	398984
7	400468	400507
7	400609	400666
7	401318	401622
7	404350	404785
7	405508	405774
7	409780	409961
7	411310	411508
7	412226	412399
7	412704	414415
7	417217	417542
7	418652	418769
7	420503	421253
7	421861	422068
7	423083	423757
7	426899	427201
7	427846	428780
7	432798	434179
7	434948	435038
7	435404	435566
7	438462	438941
7	439854	439968
7	440650	440719
7	443069	443822
7	446165	446355
7	448375	448806
7	449729	450190
7	451493	452815
7	454586	454795
7	457725	458531
7	459163	460428
7	461218	461856
7	464953	465941
7	471898	473284
7	475174	475526
7	478537	479296
7	482085	482154
7	482724	485640
7	491973	492153
7	494255	494445
7	499923	500098
7	508507	508718
7	516356	516588
7	523421	523620
7	524753	525022
7	525694	525780
7	526722	526829
7	527402	527578
7	528375	529059
7	532662	532862
7	536560	536774
7	544968	545158
7	546173	546388
7	546742	548443
7	557593	557978
7	558994	559195
7	560034	560487
7	561813	562225
7	566727	566960
7	567688	567779
7	574052	574093
7	576438	577046
7	581465	582396
7	584086	584799
7	589184	589779
7	591002	591177
7	592377	593324
7	595978	596100
7	596306	596467
7	598549	599842
7	601302	601705
7	605585	606122
7	609002	610989
7	616056	616355
7	617207	617474
7	617819	618032
7	619841	620419
7	621918	622117
7	624595	626477
7	627035	627913
7	634164	634236
7	635512	635686
7	639524	641097
7	641809	641947
7	643775	644026
7	646898	647001
7	648146	648255
7	650487	652043
7	653202	653473
7	654005	654410
7	656488	656647
7	661738	662151
7	666162	666289
7	667815	668058
7	670116	670304
7	671925	672248
7	676412	678783
7	687684	687824
7	690017	690128
7	693131	693348
7	695092	695368
7	699825	700066
7	700712	700905
7	701595	701761
7	702531	703499
7	706666	707200
7	708564	708643
7	712518	712834
7	713447	713667
7	717194	717270
7	718682	718801
7	720174	720219
7	726535	726930
7	729779	729958
7	730860	731298
7	732358	734087
7	738288	738449
7	738976	739914
7	741926	742240
7	745195	745263
7	745550	745701
7	746508	746757
7	750232	750314
7	754035	754560
7	756529	756878
7	761215	761294
7	762201	762416
7	765505	767480
7	770360	770459
7	771993	772297
7	774406	774892
7	779915	780111
7	781550	781597
7	784055	784116
7	785111	786128
7	786996	787222
7	788242	788945
7	792982	793328
7	794278	794467
7	795467	795997
7	797571	798768
7	800133	800473
7	801427	802623
7	806151	806250
7	807878	808062
7	809247	810369
7	810809	811151
7	811969	812147
7	822286	822509
7	823671	823936
7	828724	829000
7	830308	830345
7	832245	832377
7	834573	834680
7	836394	837268
7	840462	840617
7	843595	843809
7	845586	845737
7	846340	846486
7	847942	849893
7	850796	850938
7	853499	853608
7	855038	855105
7	856299	857354
7	857716	857857
7	859573	859772
7	866142	866311
7	867561	867706
7	871532	871673
7	875180	875341
7	875802	875921
7	878419	878788
7	879417	879658
7	879912	880165
7	882263	882451
7	884043	884245
7	887855	888698
7	892357	892402
7	894265	894834
7	902321	902716
7	903172	903279
7	903596	903745
7	904531	906581
7	908697	909320
7	910237	910444
7	911624	911861
7	913184	914052
7	914585	915461
7	916847	917064
7	919671	920487
7	921929	922055
7	924462	924807
7	932096	932224
7	936883	937121
7	939175	939379
7	939653	939889
7	942303	942649
7	944825	945038
7	947140	947325
7	950996	951975
7	953561	953845
7	958404	960024
7	962158	962268
7	965756	965873
7	968457	969688
7	970081	970564
7	974040	974341
7	976810	977275
7	978167	978211
7	979449	979659
7	982190	982321
7	984316	984816
7	986653	987855
7	989665	990408
7	993585	994607
7	995407	995538
7	1000024	1000569
7	1004065	1004498
7	1007452	1007600
7	1010835	1012493
7	1013245	1013387
7	1016806	1016951
7	1017769	1017975
7	1021952	1022566
7	1025942	1026074
7	1026985	1027118
7	1038579	1038748
7	1043099	1043234
7	1050134	1050651
7	1052265	1052461
7	1058827	1058950
7	1065082	1065699
7	1076209	1076393
7	1085870	1086071
7	1087074	1087517
8	1871	2222
8	3731	4138
8	10669	10821
8	17498	17603
8	21157	21682
8	25589	26109
8	32850	33099
8	34218	34362
8	48019	48603
8	50569	50925
8	54382	54756
8	55999	56324
8	64216	64339
8	65902	66140
8	67506	67748
8	69576	69676
8	70086	70245
8	74566	74746
8	75104	75248
8	78408	78523
8	98157	98303
8	98904	99060
8	113262	113447
8	115179	115336
8	116005	116056
8	116959	117170
8	117578	117727
8	121546	123085
8	123685	123959
8	125925	126379
8	131529	131645
8	131908	131948
8	134293	134496
8	138419	138804
8	141150	141999
8	143196	144235
8	148804	149076
8	150819	151677
8	159100	159496
8	160298	160815
8	161294	161552
8	164871	164916
8	167452	167650
8	170501	170734
8	172741	173286
8	174649	177525
8	177805	178137
8	180059	180233
8	181421	181952
8	182170	182340
8	183890	183991
8	186786	188146
8	188928	191472
8	192620	192681
8	194664	195613
8	198381	198623
8	201161	201923
8	203556	203645
8	204259	204481
8	205944	206564
8	207253	207524
8	209291	209598
8	210592	210783
8	212914	213013
8	214914	215017
8	217562	218213
8	218837	219001
8	219895	220076
8	222561	223046
8	223787	223919
8	225230	225432
8	227177	227404
8	229092	229295
8	231371	231429
8	231797	232096
8	234734	234804
8	235879	236711
8	237724	237838
8	238788	239064
8	239330	239411
8	241379	241679
8	242271	242552
8	245730	245880
8	249681	249879
8	250911	251055
8	255545	256316
8	261638	262073
8	262538	262749
8	266171	266317
8	266549	266737
8	266948	267525
8	271674	272094
8	272352	272788
8	273648	273834
8	276611	276769
8	277405	277964
8	280070	280654
8	281249	281489
8	286569	286982
8	289083	289963
8	290177	290283
8	290588	290779
8	293538	293741
8	296012	296081
8	296310	296458
8	296670	297298
8	297603	297782
8	298767	298954
8	302034	302407
8	314738	314865
8	315971	316595
8	319909	320362
8	323108	323351
8	324489	324660
8	325404	325674
8	327752	328555
8	330161	330290
8	331452	331515
8	332070	332309
8	332842	333059
8	335692	336503
8	337815	338005
8	341232	342608
8	345268	345354
8	345642	345949
8	349328	349613
8	352520	352684
8	353393	353573
8	354570	354792
8	356219	356422
8	359794	360003
8	360431	360891
8	361763	362001
8	364284	364459
8	367932	368329
8	369805	370134
8	371591	371791
8	374007	374183
8	374410	375634
8	377769	378021
8	379506	380031
8	380278	380519
8	381341	381477
8	382840	383313
8	384771	384998
8	386984	387127
8	389805	390270
8	393364	393480
8	394214	394266
8	396847	397201
8	397588	397651
8	400949	401382
8	402671	402930
8	406814	406958
8	410920	411001
8	412446	412917
8	417066	417524
8	420089	420303
8	422044	423255
8	423387	423705
8	429137	429584
8	429927	430059
8	437039	437209
8	439115	439282
8	440207	440360
8	441924	442088
8	443507	443734
8	445492	445693
8	450719	451002
8	452712	452920
8	453954	454123
8	454707	456543
8	459040	459287
8	461287	462829
8	464665	464941
8	466940	467155
8	470541	470976
8	472569	472712
8	473285	473592
8	474825	474971
8	475495	475712
8	483596	484871
8	488283	488587
8	489198	489237
8	490229	490601
8	491756	491846
8	493656	493762
8	497311	497378
8	498472	499056
8	501210	501316
8	501975	502352
8	505710	506143
8	508756	508942
8	512039	512448
8	516507	516732
8	517230	517492
8	521935	522099
8	524668	524854
8	528325	528497
8	531405	532246
8	537997	538154
8	540526	541477
8	548503	548839
8	553967	556185
8	558491	558619
8	558860	558953
8	559085	559203
9	101	1790
9	2010	2228
9	2723	3419
9	3681	4287
9	4670	5710
9	6626	6879
9	9442	9554
9	10426	10831
9	21916	22445
9	23338	23686
9	26734	26881
9	32913	33491
9	34628	35141
9	35969	37470
9	38711	38959
9	39201	39411
9	41557	41843
9	45942	46179
9	47272	48133
9	52745	52968
9	53362	55688
9	56411	56551
9	60919	61019
9	62794	62909
9	68348	68628
9	73694	73859
9	76161	76280
9	77389	77538
9	83065	83315
9	84872	85136
9	85901	86035
9	88682	88925
9	89738	89873
9	92798	93558
9	96405	96883
9	97182	97297
9	99532	99939
9	102135	102849
9	113314	113721
9	114570	114760
9	117796	117923
9	122171	122538
9	126012	126087
9	127240	127432
9	127774	127969
9	129792	130437
9	131839	132859
9	133998	134279
9	135142	135404
9	135970	136317
9	138144	138434
9	139239	139649
9	141073	141253
9	141565	142844
9	148909	149128
9	149999	150767
9	151357	151522
9	154664	155414
9	155865	155988
9	160214	160896
9	161354	161605
9	165981	166311
9	169760	170020
9	173205	173433
9	173630	173827
9	176875	178456
9	180217	180374
9	183172	183778
9	187685	187986
9	188806	189023
9	193031	193499
9	194030	194218
9	196322	196434
9	197517	197811
9	199466	199626
9	200179	200273
9	202117	202242
9	203332	203462
9	204738	205046
9	206585	206668
9	212039	212474
9	214841	214901
9	215300	215414
9	215969	216247
9	216482	216629
9	220753	220964
9	222637	222865
9	226293	226452
9	231129	231299
9	232507	232871
9	237820	238018
9	240896	241153
9	241809	242024
9	244510	244674
9	246917	246960
9	248469	249976
9	254018	255037
9	257262	257353
9	258338	258782
9	259985	260059
9	260936	261146
9	267349	269066
9	269640	269780
9	270463	271234
9	273779	274051
9	274729	275109
9	276120	276755
9	277539	277808
9	282917	283058
9	285230	285536
9	289068	289225
9	291670	292353
9	300068	300737
9	301305	301807
9	304183	304342
9	307960	308485
9	309247	309362
9	310495	310574
9	310816	311069
9	312627	312821
9	314867	315039
9	316486	316579
9	321062	321431
9	324267	324418
9	325644	325898
9	332254	334017
9	334610	334859
9	336241	336479
9	337144	339515
9	342297	342481
9	343677	344066
9	345406	345557
9	348525	348677
9	348940	349064
9	350121	350197
9	370383	370556
9	394174	395456
9	407934	408185
9	410492	410650
10	101	1796
10	2022	4270
10	4788	5782
10	6601	6861
10	9425	9537
10	10406	10811
10	21631	21899
10	22758	22990
10	26319	26449
10	29443	29625
10	30740	31832
10	36256	37045
10	37766	37810
10	41312	41417
10	47505	47586
10	53157	53327
10	54131	54338
10	58860	59144
10	60153	60824
10	63590	63753
10	68829	69260
10	69701	69912
10	71000	71321
10	75579	75863
10	79463	80095
10	82609	82713
10	83051	83394
10	85416	85605
10	90127	90552
10	94271	95023
10	96538	96722
10	97295	97691
10	100905	101413
10	104520	104938
10	106108	106353
10	109620	109852
10	111364	111600
10	113442	113568
10	115714	115819
10	117728	117803
10	119394	119494
10	119905	120234
10	123054	123862
10	129026	129179
10	130834	130914
10	133958	134321
10	135916	136523
10	136915	137346
10	140131	140380
10	142640	143187
10	144898	145132
10	145912	146364
10	146646	147314
10	150434	150906
10	152331	152377
10	154724	154994
10	156197	156390
10	157405	157624
10	157956	158108
10	159695	160847
10	161664	161927
10	165113	165180
10	165389	165588
10	172199	173567
10	177382	177902
10	179951	181049
10	181286	181380
10	181682	182028
10	184216	184490
10	186683	186926
10	187808	188003
10	189200	190304
10	190901	192660
10	195033	196223
10	204650	205304
10	205930	206033
10	207559	207832
10	209716	209794
10	211631	211970
10	219848	221026
10	223918	224832
10	227101	227282
10	228524	228680
10	230974	231357
10	235802	235858
10	236079	237816
10	239123	239340
10	241323	242238
10	245379	245542
10	246224	246491
10	246930	247210
10	254461	254717
10	256705	257385
10	262600	262709
10	265126	265873
10	268405	268925
10	270360	270431
10	270947	271084
10	272491	272788
10	278162	278981
10	280417	281414
10	283401	283557
10	285364	285409
10	289380	289722
10	290524	291959
10	294296	295439
10	302585	303424
10	305737	306156
10	310656	311072
10	312550	312948
10	313589	314347
10	314631	317531
10	319768	319952
10	322400	323650
10	324730	324921
10	327931	328081
10	330171	330378
10	332689	333742
10	334091	334267
10	335516	335862
10	336843	338486
10	339313	339825
10	341702	341836
10	342206	342464
10	345801	345858
10	348502	349574
10	352223	352333
10	355342	355916
10	358245	358293
10	359452	362367
10	365513	365707
10	373878	374736
10	374981	375063
10	376151	376327
10	378311	378823
10	380499	381573
10	383580	383801
10	387498	387669
10	390170	390371
10	390833	392712
10	393650	394109
10	396699	396955
10	402511	402778
10	407332	407496
10	411046	411183
10	413402	413723
10	421783	421872
10	424207	424666
10	424871	424946
10	445705	445833
10	448928	449084
10	454765	455444
10	455722	456037
10	458409	458574
10	459467	459595
10	460179	460359
10	461581	461802
10	462477	462692
10	465849	467363
10	468027	468864
10	469524	469808
10	470983	471089
10	471585	472238
10	473274	473473
10	475473	475742
10	478851	479089
10	486262	486511
10	490860	491146
10	496427	496952
10	497176	497242
10	503208	504224
10	507432	507700
10	513627	514080
10	517582	517963
10	519337	519408
10	521229	521323
10	521684	522085
10	524560	524722
10	525542	526501
10	526856	526894
10	528439	528902
10	529654	529866
10	531818	531913
10	538470	538703
10	541453	541645
10	542705	542879
10	543882	544017
10	544851	546081
10	548383	548897
10	549938	550463
10	554833	555201
10	555637	555894
10	558869	559710
10	567381	567674
10	569182	569615
10	570132	571514
10	571905	574039
10	576469	577062
10	577856	580396
10	581588	581816
10	582371	582571
10	583561	583714
10	585454	586018
10	587404	587601
10	594609	594792
10	598050	598910
10	604239	604486
10	605838	607058
10	609169	609565
10	615217	615442
10	617383	617556
10	617784	618138
10	620281	621022
10	621808	622095
10	622596	624766
10	626932	627127
10	628700	628891
10	632808	633659
10	636755	637057
10	637619	637817
10	638381	641113
10	641704	642127
10	646583	647372
10	649473	649621
10	651445	651706
10	654236	654529
10	656033	656198
10	658723	658828
10	662334	662471
10	662707	663817
10	667186	667611
10	669333	669395
10	676810	676938
10	683458	683601
10	690647	690814
10	696961	697125
10	700664	700864
10	703184	704049
10	705135	705830
10	706690	706840
10	707055	707167
10	709920	710131
10	715922	716474
10	716891	717117
10	717611	718193
10	719199	719425
10	721441	721600
10	724250	724389
10	725419	725529
10	729900	730052
10	735367	735664
10	736650	736746
10	739970	740157
11	2506	2812
11	5803	5917
11	7904	8110
11	11600	11709
11	13679	13806
11	14333	14564
11	20061	21140
11	21498	22041
11	22315	22392
11	24897	25175
11	30742	30968
11	31742	31911
11	34128	34391
11	35131	35267
11	38231	38670
11	38899	39114
11	44875	44992
11	45296	45405
11	46460	47117
11	47976	48170
11	49810	50038
11	53454	53665
11	58869	59054
11	63589	63704
11	67406	69775
11	70237	71079
11	73898	74188
11	74463	74699
11	75564	75816
11	78689	78811
11	79888	80077
11	80435	81052
11	81592	81958
11	82570	82933
11	84154	84569
11	88884	89168
11	91143	91404
11	91706	92784
11	93423	94119
11	94405	94575
11	96261	96601
11	98373	98536
11	99387	100445
11	101044	101171
11	108829	109183
11	112557	112771
11	114820	115036
11	118284	118871
11	119578	119734
11	122278	122511
11	125508	125739
11	127076	127387
11	130362	130533
11	134129	134348
11	134737	134833
11	135867	136329
11	137045	137145
11	137593	137760
11	140765	141165
11	143122	144130
11	146850	147223
11	148887	149131
11	150538	150731
11	150942	151196
11	153012	153244
11	155373	155491
11	158335	158548
11	164575	164851
11	165930	166665
11	168904	168961
11	170773	172032
11	172343	172497
11	174014	174113
11	176632	176724
11	178173	178448
11	179381	179671
11	185732	185870
11	188746	188959
11	191400	191702
11	193104	193306
11	194656	195479
11	195818	196485
11	200087	200580
11	200830	200953
11	201204	201418
11	201778	202124
11	202547	202631
11	202957	203622
11	204205	205888
11	207871	208136
11	210010	210662
11	213090	213183
11	213712	213939
11	216772	217214
11	219310	219400
11	219972	220289
11	223121	223270
11	223587	223639
11	224556	224607
11	225808	226554
11	229899	232032
11	232211	232279
11	234206	234369
11	235928	236020
11	236828	237657
11	242729	242975
11	245420	246122
11	247675	249037
11	255392	255709
11	256524	256714
11	258214	259466
11	260121	261312
11	261921	262139
11	263143	263352
11	264117	264977
11	269478	269723
11	270563	270927
11	271679	271889
11	273162	273390
11	275071	275244
11	277559	279375
11	280276	280451
11	282410	282845
11	284652	285056
11	288613	288790
11	291144	291403
11	292484	292581
11	294400	294613
11	295941	296462
11	299116	299547
11	302882	303064
11	306512	306595
11	306965	307364
11	308023	309436
11	309717	310275
11	314539	314676
11	317091	317589
11	321700	321997
11	322345	323210
11	327606	328094
11	329747	330026
11	333946	334283
11	335034	335288
11	338911	339102
11	340451	341190
11	342118	342396
11	346842	346992
11	349225	349372
11	352838	353411
11	353907	354073
11	354958	356593
11	358120	358412
11	361872	362514
11	364374	364919
11	365197	365360
11	368919	369032
11	369048	370134
11	371503	371862
11	374239	374416
11	376111	376150
11	381353	381467
11	381902	382551
11	382902	383091
11	383428	383664
11	384893	385311
11	388318	388393
11	393567	393732
11	401604	401639
11	401847	402829
11	403140	403406
11	403895	404052
11	408099	408439
11	417022	417138
11	418037	418226
11	426085	426154
11	428593	429256
11	431594	431777
11	434987	435217
11	442793	442978
11	445067	445291
11	446573	446676
11	451242	451423
11	452035	452111
11	456965	457478
11	461383	461521
11	462762	463983
11	466232	466388
11	468786	469909
11	473523	473618
11	475917	476123
11	477775	478577
11	478847	479197
11	483190	483409
11	487443	487883
11	489775	489943
11	490931	491421
11	493660	493965
11	499597	500415
11	506255	507103
11	507714	507940
11	513175	513439
11	513947	515145
11	517048	517431
11	517811	520113
11	520899	522008
11	522361	522558
11	523264	523360
11	523615	524232
11	524838	525558
11	526125	528124
11	528313	528417
11	530637	530835
11	533355	534246
11	534507	534633
11	534958	535969
11	538133	538336
11	548016	548145
11	551434	551511
11	552420	552637
11	554701	554874
11	556286	556431
11	557377	557622
11	558889	559977
11	562166	562608
11	565935	566101
11	566843	568790
11	570942	571470
11	573264	573693
11	575744	576569
11	577847	579315
11	580253	580445
11	580803	582169
11	583378	583565
11	584784	584981
11	589529	590328
11	592559	592786
11	598910	599109
11	599689	599833
11	604274	604356
11	605472	605570
11	608411	608763
11	611241	611436
11	612734	612893
11	613935	614199
11	614539	616286
11	618831	619094
11	625640	626085
11	626329	626617
11	630201	630929
11	635303	635568
11	640387	640479
11	645382	645525
11	645867	646077
11	658367	658496
12	4273	4330
12	9810	9857
12	21909	21980
12	22684	22947
12	23228	23470
12	28554	28698
12	29410	29852
12	35296	35371
12	36612	37368
12	39541	39704
12	40410	40609
12	46503	46669
12	47587	47754
12	49175	49368
12	49630	49807
12	53965	54241
12	65319	65695
12	68278	68444
12	73200	73424
12	81075	81334
12	83845	84493
12	85323	85582
12	86544	87277
12	88285	88490
12	92524	92645
12	94023	94302
12	97585	97879
12	98889	99034
12	100169	100784
12	108273	108665
12	109013	109239
12	111613	112225
12	114299	114817
12	116122	116360
12	124280	124651
12	124881	125942
12	127323	127376
12	130869	131097
12	131465	131620
12	140623	141065
12	143062	143112
12	146122	146186
12	147608	147840
12	154001	154192
12	156380	156592
12	159580	159988
12	163373	163544
12	164101	164343
12	166188	166325
12	168798	168947
12	174258	174471
12	174693	174744
12	175027	175152
12	177451	177615
12	179707	180031
12	182031	182294
12	183445	183566
12	184974	185092
12	187360	187790
12	194221	194354
12	196592	196759
12	198196	198636
12	200699	200816
12	201553	201623
12	202725	202803
12	204808	204923
12	208602	208697
12	212146	212441
12	214955	215072
12	219972	220159
12	222157	222530
12	224662	224795
12	225210	225483
12	228522	228708
12	230587	230843
12	231204	231394
12	232055	232233
12	234277	234935
12	237802	237919
12	239087	239227
12	241699	241762
12	242010	242087
12	245372	245562
12	246086	246372
12	246979	247187
12	248371	248834
12	251107	251257
12	253007	254041
12	255088	255212
12	259515	260009
12	260500	260993
12	262943	263120
12	265213	265452
12	266920	267149
12	270776	270997
12	273914	274109
12	274875	274961
12	278607	278947
12	280988	281245
12	281721	281969
12	282458	282854
12	283713	283790
12	286574	286789
12	287326	287507
12	289336	290214
12	293677	293769
12	296258	296448
12	300364	300624
12	301983	302202
12	302952	303020
12	315918	316037
12	320168	320652
12	322147	322245
12	322874	323412
12	327549	327684
12	329337	329583
12	332209	332350
12	339553	339612
12	340840	341934
12	346046	346181
12	368249	368594
12	370297	370950
12	371186	371365
12	388345	388758
12	390422	390881
12	416834	417023
12	418131	418180
12	424849	424949
12	445073	445193
12	447741	447922
12	448482	448547
12	449531	449592
12	476232	476352
12	480883	481084
12	481835	481887
12	489915	490483
12	500480	500600
12	510235	510582
12	510810	510976
12	514351	514486
12	514803	515173
12	524477	524592
12	534487	534738
12	537072	537176
12	540595	540773
12	550374	550453
12	552056	552250
12	553777	554404
12	556537	556724
12	561778	561905
12	566452	566516
12	567739	568565
12	571936	572074
12	573277	573998
12	576472	576640
12	585881	586326
12	586966	587049
12	589020	589314
12	593951	594152
12	596711	596959
12	602392	603353
12	603680	603760
12	605057	605458
12	607005	607809
12	609577	609722
12	610877	612531
12	612883	612983
12	617308	617533
12	620292	620431
12	623969	624144
12	626345	626570
12	626910	627130
12	633376	633632
12	634030	634117
12	636236	636606
12	640061	640161
12	641171	641343
12	645173	646317
12	646401	646504
12	651632	651839
12	656682	656758
12	657982	658727
12	660068	660554
12	665122	665313
12	665543	665667
12	669050	669175
12	670151	670223
12	674051	674242
12	677298	678516
12	679964	680148
12	680864	681095
12	691275	691527
12	699658	699860
12	704073	705116
12	707104	707326
12	710640	710785
12	713200	713449
12	718039	718140
12	720427	720570
12	721496	721739
12	722907	723092
12	723076	723155
12	723386	723777
12	725514	725873
12	728137	728784
12	730529	730756
12	732209	732362
12	737677	738061
12	742449	742547
12	743898	744141
12	745323	745549
12	745922	745984
12	747270	747829
12	757145	757399
12	758912	759465
12	759782	759900
12	764189	764774
12	766389	766501
12	771780	771844
12	777859	778068
12	778934	779198
12	781506	781989
12	783535	784082
12	784368	784696
12	787517	787604
12	788509	788643
12	789680	790433
12	793062	793162
12	793586	793762
12	795271	795444
12	796409	796636
12	797118	797361
12	802137	802269
12	805200	805772
12	808825	809966
12	815898	815969
12	816837	817019
12	818522	819232
12	819718	819854
12	820234	820427
12	822685	823134
12	826346	827247
12	827586	828966
12	830339	831105
12	833620	833906
12	837161	837991
12	838515	838628
12	839155	840247
12	841019	841411
12	842971	843184
12	843898	844148
12	845857	846004
12	849171	849304
12	849680	849837
12	853243	853442
12	853822	853979
12	854361	854550
12	854904	855018
12	855494	855952
12	856942	857009
12	857321	857501
12	859302	859503
12	862137	862707
12	866851	867375
12	868373	868415
12	871015	871895
12	873685	873748
12	874914	875592
12	877386	878270
12	884395	885279
12	892833	893727
12	897840	898040
12	898975	899181
12	902705	903152
12	903384	903634
12	906543	906620
12	907796	908062
12	910010	910258
12	914700	915099
12	921561	921858
12	922208	922311
12	924539	924935
12	928571	928725
12	929595	929883
12	931939	932744
12	940840	941195
12	941762	941848
12	948113	948335
12	949603	949800
12	950024	951025
12	954267	955129
12	956747	956981
12	958172	958384
12	962928	963074
12	963500	963723
12	965577	965770
12	973170	973469
12	975908	976173
12	982505	982716
12	986916	987053
12	988161	988351
12	990557	990784
12	992938	993116
12	1001287	1002545
12	1005871	1006280
12	1010383	1014475
12	1018973	1019161
12	1022317	1022468
12	1024020	1024235
12	1024889	1025168
12	1028004	1028187
12	1028435	1028754
12	1032083	1032435
12	1035808	1035986
12	1036987	1037166
12	1043144	1043861
12	1053159	1053339
12	1054930	1055036
12	1056807	1057287
12	1059288	1059521
12	1061114	1061311
12	1063344	1063450
12	1065124	1065838
12	1066413	1066808
12	1066970	1067021
12	1067412	1068148
12	1072951	1073399
12	1073589	1073759
12	1074390	1074506
13	3568	3632
13	4157	4194
13	9903	10056
13	13282	13460
13	14771	14948
13	16781	17013
13	20440	20754
13	21721	21880
13	23712	23948
13	25933	26803
13	29891	30209
13	30409	30463
13	33874	34075
13	37727	38052
13	41853	42235
13	43561	44005
13	46000	46164
13	46394	46736
13	50986	51600
13	54596	54735
13	56227	56480
13	68014	68223
13	69534	69609
13	69823	70458
13	70836	71945
13	76755	77472
13	79676	79900
13	82175	82244
13	82844	83092
13	91027	91417
13	91657	92164
13	95251	95727
13	97509	97730
13	99436	99673
13	100522	100720
13	100984	101830
13	104147	104669
13	110892	110945
13	111691	111835
13	115107	115755
13	119025	120069
13	121375	121562
13	124297	124475
13	129549	129808
13	131653	131956
13	133248	133377
13	135306	135443
13	137322	137393
13	140116	140459
13	140834	141030
13	141670	142189
13	145971	146456
13	151732	151825
13	158351	158568
13	158889	159499
13	159886	160190
13	164254	164864
13	165359	165477
13	166850	167920
13	168725	168922
13	169638	170611
13	171234	172007
13	177937	178691
13	181216	181396
13	184973	185204
13	192079	193047
13	195743	196403
13	197135	197349
13	201876	201998
13	204177	204492
13	205482	205599
13	208633	209810
13	213885	214204
13	216140	216478
13	217075	217304
13	219837	220237
13	220463	221436
13	222425	222556
13	223967	224131
13	225437	225814
13	228669	228959
13	229468	229544
13	230524	231257
13	231255	231583
13	233293	233442
13	235665	236747
13	241751	241999
13	243099	243211
13	243798	244168
13	245848	246079
13	247421	247755
13	251538	251756
13	252995	253654
13	258506	259357
13	262665	263462
13	271899	272014
13	272908	273035
13	275765	275849
13	279886	280162
13	282848	283484
13	286939	287988
13	290783	290964
13	296819	297087
13	302516	303169
13	305798	306888
13	309761	310461
13	312043	312231
13	318476	318665
13	321728	321815
13	325544	325834
13	330222	330731
13	334606	335496
13	337510	337779
13	340886	341146
13	343574	343723
13	346707	347590
13	348313	348456
13	349734	350104
13	352311	352462
13	352930	353828
13	355105	355415
13	361902	362071
13	366744	366995
13	370572	370765
13	377604	377781
13	379142	379659
13	382734	383318
13	386110	386265
13	386794	389294
13	389500	389666
13	390895	391064
13	392530	392760
13	396152	397312
13	397661	398167
13	405648	406290
13	407441	409298
13	410385	410597
13	411276	411563
13	412970	413100
13	413477	413903
13	420200	420638
13	422226	422393
13	424739	424981
13	425732	426080
13	429658	429944
13	431153	432566
13	433639	434952
13	436058	436512
13	438774	439448
13	442337	442459
13	445190	445478
13	448311	448496
13	448996	449181
13	450087	450212
13	451405	451592
13	453526	454003
13	457390	457603
13	458019	458326
13	460603	460715
13	463494	463684
13	464885	465056
13	465328	466142
13	469543	469773
13	472407	473454
13	475531	475714
13	477169	478432
13	478749	478958
13	480270	480389
13	482472	482782
13	483140	484010
13	486342	486530
13	492000	492239
13	493532	494993
13	496592	496850
13	497466	497681
13	500838	501102
13	501784	502268
13	504731	505383
13	509131	511480
13	511782	512106
13	513204	514580
13	517310	517806
13	522048	522152
13	523369	523908
13	527536	527959
13	531849	532034
13	534795	534972
13	535939	536177
13	539658	541591
13	542933	543069
13	545585	545936
13	547469	547542
13	551309	551777
13	552964	553187
13	556148	557659
13	558515	559259
13	559578	560145
13	560473	561184
13	562635	563119
13	564218	564396
13	568438	568546
13	571900	572241
13	572818	573047
13	574827	575048
13	577463	577742
13	584109	584267
13	586569	586855
13	589598	590289
13	592204	593420
13	594491	594859
13	599199	599326
13	601188	601342
13	603167	603565
13	605606	606151
13	608057	608794
13	609315	609419
13	609947	611897
13	615878	616617
13	618277	618427
13	619501	619731
13	622518	622580
13	624283	624524
13	625470	626223
13	627932	628123
13	628842	628981
13	632002	632225
13	637096	637338
13	645244	645684
13	646892	647037
13	652068	652258
13	652936	653990
13	654536	654991
13	659270	659446
13	661731	662367
13	664403	664631
13	666911	667844
13	668186	668580
13	674660	675967
13	676581	676714
13	676927	677037
13	683711	684614
13	687257	687521
13	688844	689266
13	693028	693390
13	695097	695552
13	696483	696760
13	700972	701963
13	706897	707154
13	711919	712322
13	713742	713794
13	715210	716506
13	720685	720807
13	721422	721579
13	722413	722579
13	724431	724564
13	731277	731456
13	732089	732330
13	733267	733428
13	736603	736776
13	738977	739165
13	742795	742980
13	743511	743667
13	746052	746197
13	751064	752083
13	754358	754504
13	756322	756616
13	757248	757429
13	758620	759901
13	760209	760567
13	763159	763251
13	772638	772809
13	772976	773121
13	773396	774978
13	775064	775331
13	775755	775933
13	777151	778014
13	779146	779505
13	782393	782609
13	784378	784494
13	788844	789166
13	789844	790123
13	793460	793927
13	794491	794916
13	795162	796014
13	797327	799103
13	801552	801670
13	808105	808438
13	808919	809086
13	809310	809413
13	810730	811256
13	814174	814386
13	815357	815524
13	818292	819252
13	819954	820504
13	822587	822801
13	826523	826916
13	831353	832316
13	832529	832670
13	833009	833152
13	837049	837166
13	837804	838094
13	841609	842053
13	845339	845602
13	848527	848645
13	851687	852794
13	854575	854787
13	857662	857714
13	858938	859227
13	859732	860301
13	860792	861874
13	863600	863744
13	867181	867555
13	872671	872924
13	874497	875055
13	880515	881016
13	886594	887079
13	897648	897731
13	904467	904712
13	905925	906065
13	912258	912490
13	914863	915962
13	917357	917439
14	3445	3889
14	4895	5108
14	12853	12898
14	19356	19475
14	22628	24105
14	27911	28106
14	31670	31901
14	34084	34702
14	37420	37600
14	39660	39889
14	40237	40638
14	43131	43277
14	44256	44466
14	48028	48262
14	51725	51907
14	52401	52676
14	55956	56104
14	57711	58132
14	59827	60648
14	63048	63232
14	64642	64832
14	65247	65389
14	66248	66401
14	68467	68708
14	76561	76970
14	79854	80810
14	82579	82769
14	86001	86219
14	87292	87846
14	88888	89070
14	89559	89709
14	89898	90145
14	91531	91786
14	101488	101713
14	102666	102712
14	104043	104276
14	107186	107649
14	108166	108407
14	110333	110989
14	111853	111930
14	112815	113126
14	116547	117340
14	119003	119460
14	122045	123052
14	129176	129373
14	135611	135902
14	137917	138486
14	140545	140738
14	145337	145512
14	145790	145939
14	146609	146789
14	147933	148270
14	156321	156366
14	156774	156910
14	157879	158038
14	160468	160555
14	164213	164602
14	167811	168047
14	169249	169957
14	174543	174934
14	181102	181376
14	181883	181968
14	182415	182984
14	185216	185481
14	186640	188212
14	190959	191257
14	196181	196566
14	196808	201146
14	201992	202171
14	204910	205449
14	206711	206890
14	209678	210558
14	211531	211753
14	215023	215089
14	216091	216414
14	217274	217673
14	218798	218933
14	220396	220665
14	224543	224672
14	227179	227349
14	228908	229046
14	230719	230922
14	233429	234387
14	237763	238211
14	239899	240405
14	241364	241853
14	247228	247380
14	250744	250821
14	251829	251887
14	254103	254367
14	258170	258425
14	259292	259512
14	260269	260381
14	263244	263777
14	264588	264728
14	266645	266883
14	269931	270204
14	271243	271383
14	273642	274488
14	276060	276304
14	281682	282098
14	283863	284026
14	288668	289928
14	295701	295891
14	297707	297824
14	298115	298207
14	300735	302041
14	302352	302522
14	307123	307364
14	308555	309414
14	309716	310826
14	317757	318220
14	318885	318965
14	321725	321943
14	323597	323759
14	326533	326623
14	330215	330292
14	330862	331238
14	332168	332422
14	335343	335379
14	335556	336261
14	339336	339569
14	342191	342416
14	346080	346237
14	349771	350381
14	350668	350899
14	354307	354441
14	354902	356411
14	356689	357361
14	359291	359465
14	365548	366945
14	370110	370374
14	372221	372489
14	373396	374243
14	374596	375218
14	376145	376282
14	378514	378728
14	380817	381433
14	382179	382258
14	383752	383909
14	386994	387126
14	391845	392905
14	393376	393733
14	394398	394712
14	398397	398479
14	400537	401031
14	405616	406324
14	408029	408591
14	412094	412760
14	413297	413561
14	415071	415411
14	416190	416716
14	417440	417769
14	418585	418788
14	419868	420095
14	420767	420887
14	424339	425103
14	426346	428148
14	429369	429423
14	429801	430065
14	434390	435032
14	437344	437591
14	439312	439533
14	440456	441671
14	442505	442642
14	444425	444658
14	447003	447361
14	450611	450859
14	451757	452268
14	456158	456421
14	457425	457684
14	459491	459641
14	462013	462442
14	465005	465286
14	466079	466904
14	471175	471434
14	476743	476818
14	478014	478441
14	479131	479695
14	480940	481435
14	483074	483330
14	485373	485458
14	487879	488927
14	490133	490296
14	490967	491723
14	493057	493312
14	495137	495347
14	498314	498892
14	499368	499572
14	500544	500912
14	501240	501384
14	503026	503584
14	507307	507774
14	508756	508995
14	510297	510466
14	515000	515166
14	515549	515641
14	517094	517150
14	518760	519186
14	520002	520153
14	525023	525116
14	525340	525574
14	525840	525976
14	529585	529769
14	531099	531938
14	534976	535213
14	537818	538398
14	541577	543250
14	545004	545160
14	546047	546200
14	546462	546514
14	547108	548081
14	552011	552294
14	552586	552728
14	553147	553367
14	554796	555071
14	556879	556997
14	558899	560092
14	568151	568313
14	576073	576772
14	577854	577919
14	578670	579546
14	585344	585573
14	586696	587137
14	587660	588000
14	591082	591724
14	591828	591956
14	592837	593259
14	597691	597854
14	602641	602733
14	604559	605392
14	605840	606619
14	613192	613533
14	618267	618462
14	619772	619978
14	631282	631751
14	633548	633791
14	634010	634654
14	636794	636917
14	642330	642597
14	643593	643671
14	646973	647378
14	651693	653373
14	654047	654423
14	661346	661519
14	661847	662677
14	663500	664177
14	665039	665549
14	668087	668347
14	670226	670354
14	672211	672387
14	674734	674908
14	675819	676095
14	676327	676620
14	678455	678767
14	685530	685977
14	686616	686668
14	687148	687873
14	689984	690516
14	691560	692371
14	694836	694975
14	695356	695554
14	699444	699867
14	701656	701912
14	705953	706246
14	707587	707745
14	708279	708506
14	711404	711584
14	713188	713319
14	713726	713841
14	715451	716072
14	719061	719226
14	720738	720969
14	723181	723407
14	724274	724458
14	726034	726239
14	728220	728395
14	730605	731237
14	733691	734252
14	735856	736259
14	736493	736718
14	738751	738898
14	739165	739775
14	743607	743779
14	746077	746253
14	746740	746867
14	750120	750241
14	753267	753389
14	754372	755231
14	759323	759493
14	762956	763283
14	764043	764288
14	769526	769609
14	781354	781678
15	24663	24895
15	27457	31302
15	31804	31870
15	32271	32473
15	34210	34395
15	38616	38897
15	40351	40625
15	43473	43612
15	48676	48834
15	55173	55509
15	58560	58688
15	65378	65537
15	68660	68806
15	69040	69334
15	79957	80167
15	83047	83690
15	87159	87473
15	91475	91782
15	92915	93156
15	94542	94642
15	96445	97068
15	97353	97483
15	99448	99629
15	101239	101369
15	103770	104261
15	106377	106538
15	108056	108546
15	108939	110194
15	110833	110978
15	111817	112056
15	116168	116269
15	117452	117588
15	117812	118259
15	118516	118706
15	123630	123938
15	126680	126882
15	127710	128953
15	135860	136455
15	137597	138052
15	139104	139204
15	141346	141532
15	142601	142790
15	143801	144230
15	145142	145296
15	147126	147338
15	153528	153916
15	154599	154984
15	158691	159253
15	160529	162445
15	163031	163435
15	165444	165554
15	168204	168602
15	169843	171255
15	181405	181850
15	185161	185648
15	186762	187239
15	192946	195317
15	196045	196894
15	198266	199368
15	201633	202063
15	202462	202742
15	204478	204702
15	205898	206082
15	207186	207374
15	210330	210453
15	211813	212438
15	215867	217484
15	218313	219785
15	220253	221039
15	223037	223183
15	226015	226805
15	228323	228529
15	229975	230156
15	231599	233121
15	233692	235301
15	238365	238572
15	241148	241556
15	242339	243722
15	246870	247228
15	249646	249761
15	252703	252921
15	253623	254194
15	255115	255299
15	256160	256422
15	259160	259376
15	259735	259823
15	260107	260221
15	265161	265352
15	267186	268422
15	271487	271854
15	273722	273997
15	274339	274922
15	277605	278022
15	281610	281662
15	282023	282303
15	285141	286258
15	286712	286760
15	287994	288862
15	290390	290549
15	292150	292381
15	296207	296457
15	296763	296974
15	303200	303400
15	304101	305049
15	312468	312912
15	315043	315248
15	315518	316003
15	316213	316879
15	324403	324820
15	329133	329346
15	331167	331377
15	342707	342834
15	343426	343642
15	349135	349810
15	356373	356481
15	357223	357379
15	361239	361326
15	364056	364216
15	367751	367965
15	370930	371124
15	377873	378080
15	384745	385302
15	391568	392076
15	394565	394941
15	397115	397683
15	400151	400324
15	401781	401941
15	405400	405613
15	406757	406870
15	406905	406983
15	408118	408378
15	409992	410457
15	412442	412733
15	417707	418391
15	421743	421911
15	422224	422538
15	423909	424743
15	426160	426467
15	427397	427618
15	430013	430230
15	431707	432132
15	436528	436743
15	441172	441364
15	443307	444037
15	444346	444477
15	446745	447110
15	448881	449358
15	453523	453688
15	457674	458811
15	461387	462980
15	466989	467110
15	467678	468215
15	471725	471858
15	472326	472622
15	474485	474661
15	478510	478724
15	478943	482293
15	486777	487885
15	490847	491121
15	492873	493391
15	493916	495483
15	496042	496119
15	502541	502727
15	504498	504826
15	505154	505634
15	507631	507764
15	511112	511995
15	514393	515043
15	516933	517017
15	519929	521474
15	522494	523207
15	524934	525177
15	528716	528824
15	529830	530034
15	530320	530544
15	531228	531448
15	533764	534022
15	537167	537412
15	539509	539712
15	544345	545063
15	546421	546718
15	550262	551144
15	552784	553303
15	554647	554790
15	558356	559132
15	559727	560005
15	560656	561025
15	566233	566631
15	569554	569834
15	570622	571201
15	571847	572175
15	572884	573082
15	574810	575002
15	577823	578388
15	579252	580147
15	584027	584569
15	585555	588475
15	592419	593016
15	594259	594494
15	595627	595833
15	602473	602618
15	605098	605355
15	605790	606804
15	609166	609449
15	611425	612041
15	616949	617167
15	618379	618769
15	618990	619923
15	624431	624774
15	627990	628229
15	630715	630830
15	631689	632165
15	633585	633828
15	638283	639604
15	642181	642695
15	644356	644502
15	648894	649325
15	653897	654450
15	656346	656523
15	656680	657410
15	658451	658686
15	661439	662602
15	663738	663835
15	664477	664699
15	667252	667514
15	670377	671835
15	672452	672562
15	673714	674101
15	675197	675434
15	675676	675830
15	678881	679205
15	682170	682462
15	682672	682955
15	683410	684034
15	685499	685680
15	689383	689574
15	690338	690617
15	691585	691774
15	692140	692518
15	700380	701608
15	702141	702356
15	710207	710270
15	712572	712804
15	716875	717049
15	720268	720448
15	721706	721906
15	722609	722949
15	726850	726979
15	727244	727492
15	733438	733927
15	737778	738415
15	741744	741980
15	742295	742606
15	745185	745620
15	745842	745955
15	746421	746772
15	747292	747516
15	749011	749243
15	749983	750092
15	755016	755332
15	757656	758282
15	759025	759090
15	759505	759795
15	761284	761531
15	761718	761835
15	761926	762803
15	767766	768533
15	769186	770961
15	772197	772597
15	774283	774490
15	775428	775697
15	779508	780026
15	780708	780863
15	781482	781998
15	783318	783562
15	784631	784811
15	786941	787144
15	789258	789413
15	790017	790219
15	792260	792476
15	795353	796163
15	796539	797544
15	800740	800921
15	802340	802531
15	803426	803795
15	804207	804384
15	806944	807405
15	807897	807965
15	810828	811001
15	813684	813959
15	817033	817223
15	818471	818697
15	820212	820442
15	824979	826387
15	830776	831014
15	831752	832726
15	836403	837720
15	838195	838358
15	841091	841309
15	842142	842766
15	846087	846178
15	847137	847344
15	848281	848408
15	849426	850281
15	851867	852054
15	860372	861306
15	866613	867012
15	868089	868280
15	869674	870064
15	875354	875541
15	877701	878309
15	882115	882713
15	884198	884351
15	888709	888935
15	891675	892600
15	894320	894438
15	898431	898612
15	899979	900187
15	903962	904499
15	907738	907971
15	908502	909273
15	911826	912175
15	912493	912647
15	915256	916218
15	921259	921485
15	922973	923095
15	924916	925614
15	930404	930521
15	930978	932562
15	933387	933633
15	939506	939575
15	943057	943983
15	944388	944602
15	949195	949749
15	953871	954527
15	956534	957026
15	960290	960808
15	967874	968920
15	976733	976925
15	978405	979689
15	981464	981592
15	986547	988817
15	989035	989873
15	991418	991467
15	996613	997117
15	1000937	1001055
15	1003383	1003829
15	1004334	1004566
15	1006895	1007182
15	1009711	1010279
15	1010807	1011042
15	1015077	1015271
15	1017630	1017690
15	1018823	1019345
15	1022957	1023626
15	1025272	1025953
15	1034303	1034392
15	1036549	1036746
15	1039244	1040034
15	1040660	1040817
15	1043206	1043862
15	1044578	1044665
15	1048186	1048450
15	1049195	1049293
15	1049844	1050009
15	1050925	1051077
15	1054044	1054225
15	1058911	1059293
15	1061180	1061461
15	1064424	1064644
15	1070917	1071058
15	1085923	1086357
15	1086544	1086729
15	1087354	1087467
16	3350	3799
16	4796	5013
16	14468	14564
16	17033	17112
16	22512	22808
16	24733	24903
16	28432	28656
16	29864	29920
16	40117	40799
16	46556	47311
16	49019	49185
16	52722	52935
16	54656	54747
16	56033	56526
16	57266	57461
16	61989	62309
16	63959	64093
16	66902	67662
16	69136	69198
16	73946	74154
16	74499	75465
16	79627	79762
16	82340	82563
16	84243	84493
16	85327	85579
16	86477	86594
16	88041	88453
16	95248	95421
16	98815	99299
16	100262	100393
16	103016	103095
16	105516	106076
16	106863	107096
16	108280	108595
16	114057	114168
16	114417	115217
16	116804	116995
16	118028	118146
16	121309	121718
16	128112	129026
16	129835	130071
16	132264	133439
16	135544	135764
16	136501	136691
16	138337	138654
16	141523	142330
16	143259	143353
16	147198	147322
16	150141	150704
16	151946	152071
16	153181	153447
16	156277	156394
16	157678	157796
16	159623	159859
16	163624	164113
16	165854	166074
16	169137	169724
16	171016	171690
16	172733	173243
16	174816	174986
16	176024	176186
16	179075	179220
16	181191	181318
16	183250	183467
16	188657	188980
16	193191	193417
16	195541	195825
16	198427	198990
16	202686	203335
16	211954	212119
16	213779	215321
16	215546	215894
16	218364	218584
16	222907	223092
16	225852	226056
16	226919	227099
16	227436	228610
16	230845	231260
16	237147	237338
16	241540	241731
16	242735	243084
16	246331	246810
16	251883	251996
16	253625	253861
16	254527	254733
16	255537	255762
16	256264	256497
16	256688	257418
16	259410	259635
16	261198	261366
16	264404	264941
16	267656	267753
16	271069	271180
16	272972	273216
16	277624	277755
16	279910	280475
16	281778	282012
16	286430	286601
16	287010	287321
16	291107	291282
16	292493	292627
16	296573	297443
16	298725	299242
16	299499	299906
16	301378	301549
16	302787	302993
16	305067	305270
16	308286	308556
16	309095	309254
16	309587	310210
16	313017	313257
16	319011	319318
16	321627	322066
16	326312	326529
16	328871	329378
16	335713	335929
16	337116	337413
16	338661	339055
16	339391	340885
16	341330	341428
16	342744	343422
16	345172	345237
16	347461	347628
16	348258	349126
16	352098	352779
16	355386	355703
16	359140	360683
16	361630	361833
16	364128	364204
16	364747	364945
16	366733	366889
16	369156	369764
16	370435	371057
16	372751	373968
16	374954	375502
16	378541	378951
16	381096	382076
16	382709	383651
16	386461	386925
16	393804	393986
16	403935	404700
16	408823	409045
16	410157	410202
16	411940	412194
16	415559	415753
16	418153	418270
16	420451	420789
16	423971	424124
16	425064	426370
16	426603	426725
16	427758	427879
16	429685	429843
16	431311	432630
16	435835	435978
16	444128	444521
16	445304	445482
16	450650	451836
16	453073	453828
16	454983	455575
16	456625	456773
16	458541	458749
16	462154	462388
16	462860	462916
16	463329	464836
16	465658	465894
16	466994	467134
16	474389	474559
16	474751	475982
16	478999	479223
16	480378	480517
16	481879	483235
16	486040	486622
16	487952	488724
16	491325	492276
16	493028	493518
16	497636	498213
16	499402	499468
16	500282	500424
16	501990	504170
16	506380	506752
16	516800	517956
16	518687	518823
16	519717	520935
16	525093	528029
16	529349	529719
16	534741	535004
16	538434	538563
16	538924	539177
16	543918	544067
16	544368	544564
16	548330	548439
16	551741	551985
16	558049	558279
16	565146	565246
16	566670	567250
16	569144	569370
16	572365	572626
16	575621	576351
16	582799	583070
16	585725	586631
16	587230	587576
16	588253	588678
16	590527	590662
16	591258	591527
16	593177	593359
16	593936	594336
16	596470	596640
16	599645	599713
16	603593	603794
16	607370	608822
16	609648	609762
16	610040	610494
16	614528	614872
16	615087	615284
16	619997	620096
16	621415	621663
16	621903	622054
16	622699	623640
16	627422	627936
16	631280	631488
16	633943	633995
16	638997	639502
16	641195	641969
16	643478	643769
16	644977	647533
16	648377	648666
16	653516	654376
16	656298	656965
16	657186	657509
16	658978	659176
16	664679	666332
16	667411	667629
16	670941	671107
16	672135	672504
16	673507	673675
16	675710	675858
16	676633	677538
16	678007	679944
16	681975	682190
16	684406	684513
16	685414	686004
16	687676	688389
16	689777	689977
16	692506	692652
16	694472	695662
16	696835	697119
16	697332	697493
16	698549	698763
16	700039	700741
16	703263	703399
16	703932	704947
16	706690	706841
16	709675	710315
16	711420	711600
16	712794	713589
16	718504	718631
16	718968	719816
16	720468	720614
16	724981	725161
16	726321	726546
16	729264	729317
16	729536	729769
16	730291	730417
16	731986	732231
16	736789	736914
16	739615	740055
16	742199	742349
16	746911	747231
16	751765	752496
16	752984	753337
16	754369	754817
16	758376	758798
16	759469	759758
16	767537	767740
16	769184	769400
16	769637	769759
16	770461	771201
16	774263	774481
16	774814	776010
16	778997	779192
16	781784	781873
16	784888	786376
16	787633	787874
16	789561	790056
16	792290	792669
16	794722	794786
16	797307	797531
16	799080	799112
16	802050	802210
16	809524	809766
16	812362	813382
16	814086	814353
16	818104	818250
16	821506	822778
16	825178	825476
16	828214	828362
16	828758	829675
16	830483	830962
16	831816	832571
16	832635	832708
16	832924	833049
16	834330	834474
16	837459	837686
16	839482	841267
16	841436	841527
16	842987	843134
16	845224	845410
16	852789	852992
16	855551	855740
16	856519	856656
16	856987	857442
16	860168	861216
16	866522	866729
16	870045	870277
16	874944	875021
16	876641	876843
16	877673	878081
16	878545	878631
16	882846	883252
16	887847	888081
16	888686	889069
16	892091	892349
16	895830	895932
16	899719	900180
16	900487	900712
16	901582	901991
16	906743	906935
16	911025	911266
16	912478	912669
16	919085	919319
16	920686	922612
16	922984	923616
16	928067	928219
16	944418	944499